0.87
0.36
0.98
0.88
0.48
2.1
1.6
1.71
2
0.39
2.03
0.56
1.96
1.73
1.15
1.12
1.28
1.49
0.89
2.02
1.06
0.78
1.5
1.49
1.3
1.13
0.91
0.66
1.6
0.73
1.4
1.28
1.06
1.68
1.03
0.73
2.7
2.54
0.36
1.74
1.74
1.68
1.02
1.22
1.23
1.83
0.92
2.6
0.57
0.34
0.46
0.35
1.61
0.64
0.87
1.24
1.5
1.34
0.6
0.74
1.36
1.29
0.87
1.18
1.8
2.66
1.95
1.09
1.12
1.02
2.4
0.77
1.33
1.78
1.26
1.73
1.73
1.45
1
1.03
0.4
0.44
1.61
1.51
0.51
1.71
1.73
1.48
1.56
0.84
0.44
2.54
0.4
1.57
1.59
1.19
0.66
2.04
0.9
1.28
1.36
0.9
4.1
0.45
0.64
0.85
1.82
0.14
0.95
1.32
1.55
1.58
1.02
0.14
0.62
1.61
1.09
0.91
0.81
2.3
0.8
0.41
0.32
0.85
0.94
0.9
0.55
1.17
1.61
3
0.64
1.37
0.59
1.64
-0.2
0.78
0.09
2.12
0.7
0.98
2.08
1.12
2.45
0.23
1.67
0.81
0.19
0.43
2.4
1.6
0.27
1.19
1.82
1.31
2.1
0.44
0.31
0.34
1.65
-0.09
0.07
-0.06
1.5
1.47
2.1
0.53
0.32
1.47
0.46
0.57
1.14
0.1
-0.05
1.3
1.41
0.31
1.02
0.71
0.23
1.78
0.74
0.83
1.12
-0.2
1.69
0.23
0.79
0.38
0.75
0.44
0.85
1.2
1.08
1.83
0.98
0.13
0.5
2.15
1.77
0.92
0.58
1.62
1.76
0.88
2.1
1.04
0.55
1.71
1.62
1.38
2.01
0.43
1.62
1.29
0.88
0.71
0.27
0.77
0.49
1.21
0.46
0.44
0.54
0.25
0.9
1.4
0.76
0.12
0.43
-0.1
2.58
1.47
1.2
2.05
0.52
0.88
1.16
0.76
1.3
0.85
0.03
1.18
1.52
0.36
0.89
0.71
1.99
-0.04
4.5
-0.25
0.89
4.5
1.77
0.78
0.72
1.17
0.72
0.37
2.02
0.48
0.87
1.17
0.44
0.5
0.9
0.53
1.29
1.6
0.89
0.17
1.9
1.22
0.14
0.58
0.53
0.37
0.3
1.21
0.86
1.1
0.89
0.92
0.88
0.5
0.25
1.39
0.59
1.86
0.16
2.37
1.11
0.8
1.8
0.99
0.98
0.61
2.46
1.39
1.43
0.43
1.83
0.94
0.93
0.6
1.05
0.21
2.13
1.84
0.13
1.52
0.65
0.63
0.54
0.81
0.86
0.37
0.86
1.33
0.46
1.35
1.1
0.85
1.23
0.54
0.4
1.59
2.32
1.33
0.92
1.9
0.43
2.04
1.02
0.64
4.3
2.96
0.68
-0.1
1.05
2.28
0.8
0.88
2.86
3.43
1.56
0.25
0.63
0.23
0.87
2.14
3.31
0.92
1.07
-0.07
0.46
2.17
0.89
0.52
1.7
1.62
3.43
2.26
0.74
1.74
0.72
0.78
0.45
1.16
0.94
1.76
2.2
1.91
0.26
1.79
0.45
0.2
0.07
1.07
1.2
0.09
1.07
1.15
0.48
1.13
0.29
0.63
1
0.32
0.95
0.51
0.04
1.13
0.74
0.31
1.62
0.63
0.7
0.75
2.06
0.35
0.38
0.12
1.51
0.53
0.12
2.07
0.75
1.59
0.59
0.71
1.37
1.66
0.77
0.76
4.8
1.25
0.58
2.05
0.48
0.75
0.69
0.49
1.35
0.84
1.04
0.92
0.37
0.22
0.17
1.48
0.38
0.4
0.64
1.13
0.72
0.26
0.6
0.04
2.18
0.9
0.59
0.71
1
1.61
0.69
0.95
0.4
1
0.82
0.87
1.49
1.53
1.23
0.9
2.1
1.1
0.6
0.89
1.14
1.49
0.76
0.58
0.51
1.3
0.3
0.23
1.55
2.23
1.18
1.51
0.58
0.89
2.01
1.37
2.57
1
1.99
1.55
1.69
1.75
0.82
1.3
1.94
2.2
0.89
0.65
0.28
1.19
1.89
1.55
1.74
1.8
2.1
1.15
0.74
1.22
0.94
1.17
0.65
1.62
0.13
1.89
0.56
0.12
0.53
0.75
0.96
0.88
0.05
1.43
0.7
0.71
1.62
0.76
0.25
1.66
1.09
0.92
0.9
0.12
1.13
1.79
1.29
1.29
1.45
1.6
1.4
3.02
1.2
2.7
1.31
1.4
0.36
0.2
1.1
0.13
0.16
0.26
0.4
0.23
0.88
-0.03
1.42
1.05
1.72
0.73
0.3
0.42
0.48
1.89
0.91
1.24
0.3
0.47
0.43
0.2
0.23
0.56
1.56
0.55
1.82
3.65
0.48
1.28
0.06
0.54
1.35
1.69
0.84
2.49
1.56
0.17
1.45
0.13
0.87
0.96
0.49
1.21
0.85
1.05
1.33
0.53
0.61
1.81
0.38
0.39
1.28
0.57
1.62
1.13
2.08
0.49
1.61
1.08
1.37
2.2
0.68
0.54
5.2
0.48
1.55
1.64
0.58
0.12
0.64
1.22
2
1.6
0.32
0.34
0.1
0.79
2.34
2.61
1.99
0.27
1.13
0.54
2.31
0.35
1.6
1.06
1.1
1.51
0.84
0.47
2.2
0.66
0.15
0.88
0.66
1.2
0.35
0.37
0.51
1.11
1.44
0.77
0.85
0.11
0.67
0
0.56
0.91
0.64
0.88
1.45
1.28
0.75
0.99
0.3
0.34
0.14
1.41
0.92
0.8
1.77
0.36
0.49
0.55
1.08
0.73
0.47
0.52
0.58
0.75
2.1
0.87
1.04
1.4
0.68
1.36
0.39
0.52
1.63
0.02
0.92
1.2
0.82
1.18
1.19
0.98
1.65
1.58
0.08
0.87
1.5
1.17
1
1.51
0.85
1.76
1.15
0.89
0.88
0.65
1.54
2.5
2.43
1.18
0.41
1.35
0.4
0.24
0.55
0.21
0.26
0.21
0.33
1.65
0.96
0.64
1.1
1.26
1.42
0.7
0.61
0.42
1.2
1.21
0.54
0.49
1.24
0.95
0.34
1.53
2.5
0.19
2.15
2.3
0.3
0.21
1.4
0.02
0.9
0.56
1.19
1.44
1.96
0.97
0.53
1.02
0.71
1.59
0.74
1.49
0.84
0.72
0.52
0.61
0.3
1.5
1.08
1.22
0.1
1.24
0.79
0.51
1.02
0.84
0.93
1.3
0.54
3.27
0.89
0.09
0.48
0.42
0.19
1.64
0.7
0.85
0.51
0.74
0.5
1.01
0.53
0.87
0.75
1.2
0.89
0.2
1.77
1.35
2.22
1.91
2.2
0.84
1.14
0.56
1.2
1.38
1.5
2.38
0.74
1.49
1.6
0.3
1.6
0.33
0.76
1.01
1.61
1.02
1.25
1.89
0.55
1.44
0.15
2.97
1.4
0.21
0.13
1.1
0.76
0.93
0.86
2.37
1.09
1.24
1.65
1.49
0.89
1.23
1.47
0.89
1.37
0.71
0.37
1.15
1.3
1.11
0.95
0.42
0.25
4.3
0.25
0.83
1.68
0.3
0.53
0.46
2.15
0.68
0.27
1.1
0.21
1
1.06
1.49
1.33
1.9
0.28
0.76
0.76
0.83
1.19
1.61
1.24
0.21
0.56
1.2
1.2
1.39
1.59
0.55
0.87
1.36
1.22
1.9
3.5
1.13
0.68
0.8
1.6
1.46
0.88
1.6
0.9
1.82
1.28
-0.01
0.44
0.56
0.98
0.15
1
1.27
0.91
1.29
0.5
0.71
0.97
1.69
0.85
1.46
0.48
0.68
0.5
1.86
1.02
2.62
0.5
0.99
0.1
2.65
1.79
0.68
1.31
2.37
1.83
1.62
0.5
0.91
0.06
0.92
0.69
0.55
0.1
0.11
0.09
0.79
0.72
1.4
1.13
0.97
0.7
1.48
0.38
0.87
0.35
0.51
0.53
1.5
0.91
0.57
0.43
0.75
0.44
0.87
0.87
0.1
0.84
0.8
1
0.76
0.7
0.9
1.9
0.3
0.7
0.86
1.22
0.63
1.66
0.69
1.27
0.41
1.17
1.22
1.64
0.31
1.52
0.7
1.07
1.13
4.4
2.94
2.69
2.65
0.53
1.33
1.49
1.17
0.9
0.17
0.61
0.69
1.17
0.49
1.82
0.54
1.29
0.31
2.6
0.55
2.07
1.34
1.28
0.27
1.79
1.2
1.94
0.75
0.81
1.8
0.9
0.72
0.65
1.53
1.93
1.22
1.11
1.17
1.26
0.53
1.33
1.19
1.47
2.21
1
0.88
0.26
0.88
0.39
1.32
2.4
1.4
0.14
0.4
1.16
1.32
0.49
1.4
0.8
0.31
0.19
1.6
0.96
1.06
1.46
0.14
0.36
1.06
1.17
0.86
1.93
1.71
1.97
0.17
1.05
0.57
1.88
1.04
0.17
0.44
0.65
1.06
1.28
0.49
0.47
1.3
0.68
0.23
1.8
0.17
0.51
-0.3
0.93
0.6
1.55
0.26
1.28
0.7
0.7
0.89
0.4
0.87
2.52
0.9
0.5
1.89
0.89
0.77
0.44
0.83
0.11
1.01
0.87
0.96
0.46
0.23
2
1.39
0.89
1.2
0.92
0.4
1.74
0.48
0.5
1.44
0.63
1.2
2.6
0.91
1.5
0.63
0.48
1.66
1.02
1.18
0.56
0.63
4.07
0.73
2.04
0.91
1.73
1.53
0.97
0.62
1.66
1.26
0.9
1.2
2.5
1.91
0.84
1.26
0.49
1.06
0.99
0.12
0.27
0.91
0.77
0.67
2.69
1.17
2.22
0.6
2.98
1.21
0.6
0.78
0.96
0.33
0.29
2.73
1.48
0.68
0.78
2
0.85
0.9
0.52
1.66
1.33
0.95
1.6
0.91
0.8
0.44
0.3
0.13
0.24
1.28
1.2
1.38
0.84
0.88
2.4
1.24
0.99
0.48
3.2
0.26
0.97
0.57
0.61
1.47
0.57
1.13
1.25
1.98
-0.1
0.49
0.69
1.26
0.39
0.91
0.41
1.01
1.5
0.57
0.2
0.54
0.54
0.79
0.99
0.77
0.4
0.13
1
0.81
0.68
0.67
0.57
0.44
0.44
0.17
1.02
1.07
1.78
1.27
1.19
1.16
0.91
0.12
1.07
0.16
0.85
0.86
0.8
1.63
1.5
1.25
0.5
1.52
0.49
0.88
0.83
0.79
0.88
5.3
1.37
0
0.8
1.13
1.15
0.25
1.37
1.6
1.54
1.34
0.73
1.43
0.69
0.67
1.19
1.12
1.5
1.92
0.18
1.23
1.16
0.14
4
1.34
2.01
0.88
0.98
0.47
0.79
1.12
0.87
0.94
1.32
-0.1
1.4
0.6
1.3
1.01
1
0.1
0.87
1.2
0.35
1.32
0.2
1.18
0.08
3.37
2.6
0.2
0.35
1.08
1.47
0.57
1.81
0.42
0.48
0.25
0.22
1.09
0.17
0.9
0.7
1.08
0.43
1.71
1
0.26
1.35
1.03
0.1
1.58
0.21
0.47
0.65
1.1
1.61
1.45
1.96
0.88
2.2
0.96
0.68
1.97
0
0.98
0.32
2.24
1.5
-0.02
1.51
0.5
-0.02
1.58
1.1
0.59
0.3
0.59
0.73
1.2
1.54
0.89
0.6
1.7
0.97
1.55
1.82
0.48
1.53
1.91
1.13
2.57
1.2
1.05
0.84
1.03
2.59
1.59
0.65
0.76
0.81
0.72
2.48
1.56
2.1
0.85
0.88
1.38
1.01
2.1
1.54
1.78
1.16
1.1
3.85
0.43
1.91
2.77
1.16
0.27
0.74
1.22
0.8
1.67
0.14
1.13
2.06
0.54
2
0.64
1.11
1.16
4.9
0.24
1
1.14
1.2
1.59
0.54
0.88
0.77
0.3
0.21
1.8
0.93
2.75
1.27
0.91
0.6
0.13
-0.1
0.83
0.57
0.66
1.37
1.28
0.14
0.07
1.5
0.97
0.38
1.1
0.66
1.62
1.34
-0.2
0.67
0.73
2.35
0.28
1.3
1.6
1.8
0.72
0.56
0.84
0.93
0.6
0.64
1.01
0.56
1.28
1.28
0.54
0.66
0.54
0.52
1.87
1.01
0.89
0.91
0.4
0.48
1.2
0.16
1.72
0.57
0.11
0.7
1.5
1.07
0.88
0.89
1.1
0.7
2.01
1.5
1.14
0.63
1.9
0.8
0.46
0.64
1.09
0.64
0.95
1.52
2.2
1.92
1.16
0.89
0.86
1.06
2.1
2.73
2.87
0.77
0.53
0.33
1.2
2.2
0.95
0.9
4.1
1.03
0.5
4
2.52
1.06
0.71
0.6
0.76
4.4
1
0.8
1.74
1.19
0.88
0.63
0.98
0.88
0.97
0.39
2
0.24
1.59
0.6
1.2
1.77
0.6
1.64
1.3
1.42
1.64
1.3
0.42
1.31
1.32
1
1.17
0.17
0.5
1.6
0.67
0.72
1.12
1.69
1.4
1.14
0.7
1.58
1.45
0.29
1.1
0.47
0.3
0.9
0.27
1.03
1.28
0.55
1
0.28
1.19
2.26
2.09
0.2
0.99
0.89
1.11
1.57
1.52
1.43
2.11
-0.1
0.98
1.91
1.89
0.27
0.55
-0.34
1.54
1.9
0.23
0.58
0.53
0.27
2.09
1.28
0.39
1.51
0.14
0.5
1.3
0.68
1.95
1.44
1.56
1.4
1.32
1.78
0.71
1.47
0.6
0.8
0.1
0.5
0.8
0.5
0.48
0.26
0.52
1.31
1.69
1.07
1.83
1.32
0.68
0.8
2.33
0.32
0.76
0.89
0.71
1.4
1.1
0.63
2.72
0.58
1.3
1.12
0.28
0.4
0.09
0.76
1.46
0.51
0.76
1.31
1.01
0.76
1.5
1.19
5.1
0.92
1.15
1.72
1.36
1.26
1.44
0.99
0.82
2.85
1.9
1.4
0.74
1.41
0.97
2.41
0.59
0.54
0.35
1.27
0.87
0.3
0.99
0.22
0.44
0.3
1.36
1.61
0.52
0.44
0.7
2.04
1.08
0.59
0.24
0.1
2.62
2.65
1.18
1.55
0.69
0.89
0.86
2.45
0.4
4.2
0.53
1.32
1.8
2
0.74
1.08
4.2
1.24
0.2
0.97
3.1
0.64
0.2
1.14
0.36
1.3
-0.1
0.76
0.73
0.78
1.66
1.2
0
0.71
0.58
1
1.04
1.57
1.53
1.11
2.19
2.34
0.6
0.88
0.98
1.07
0.82
0.25
0.59
1.67
2.5
0.55
2.4
1.22
0.89
0.8
0.61
1.09
0.82
0.22
1.48
2.32
1.2
0.5
0.58
1.88
-0.2
0.96
1.09
0.6
1.3
0.13
1.1
0.92
1.89
1.24
1.31
0.67
1.3
1.66
1.12
0.67
0.6
0.85
0.98
1.05
0.24
1.54
2.5
1.16
1.54
0.5
1.15
1.33
0.65
1.98
1.6
0.88
3.58
0.6
0.9
1
1.46
1.5
1.26
0.98
1.04
2.3
1
1.5
1.12
0.76
1.24
0.8
2.51
1.02
0.33
2.29
1.03
0.8
1.26
1.2
0.56
0.16
0.97
0.72
0.44
0.97
1.64
1.75
3.57
0.84
1.4
0.77
1.09
0.98
0.3
2.8
1.54
1.31
0.88
1.36
1.58
0.99
0.51
0.13
0.59
0.56
0.99
1.22
0.69
1.51
1.24
1.54
3.2
3.14
0.53
0.3
0.61
1.37
1.32
1.69
0.37
0.39
1.28
0.69
0.2
0.7
0.44
1.55
0.15
0.37
1.63
0.48
0.45
0.57
0.79
0.94
1.34
0.67
0.4
0.57
1.8
0.9
0.77
0.89
0.53
0.23
0.2
2.02
1.47
1
0.17
1.19
0.89
1.27
0.96
0.59
0.28
0.39
0.86
0.61
0.61
2.53
1.39
0.62
0.54
0.85
0.06
1.4
1.28
3.11
0.3
0.05
0.96
2.17
1.69
1.7
1.25
0.19
0.41
0.67
1.07
1.51
0.55
0.4
2.22
1.1
0.57
0.92
0.73
1.96
1.4
0.5
1.34
1.5
0.78
1.3
1.16
0.91
1.55
0.48
1.64
3.1
0.57
0.8
0.8
1.7
0.43
1.18
0.48
2.4
1.18
1.6
0.52
0.96
1.4
0.39
0.29
0.81
0.17
0.92
1.29
1.55
1
0.91
0.68
1.04
0.6
0.54
2.38
1.6
0.51
0.84
0.52
0.92
1.28
0.17
1.13
1.02
1.74
2.29
2.69
1.48
1.02
0.68
1.39
1.17
1.83
0.17
2.16
1.36
0.98
2.06
1.1
0.83
1
1.09
1.26
0.82
0.93
1.45
0.26
0.37
1.63
2.4
0.4
0.42
1.4
4.4
0.27
0.99
1.22
1.75
1.08
0.35
1.5
0.9
1.11
3.13
1.04
0.93
1.61
0.44
1.1
1.97
1.61
0.58
1
1.11
1.5
2.36
1.06
0.45
0.78
1.37
1.28
0.88
0.95
1.97
1.13
0.32
-0.2
-0.3
1.05
0.72
1.3
0.51
1.25
3.39
0.59
0.87
0.7
1.31
1.04
1.12
0.38
0.75
1.13
0.71
0.67
0.58
2
0.3
0.91
1.31
1.03
0.27
0.88
1.41
1.87
0.14
1.19
1.29
2.21
0.69
1.48
0.5
0.3
0.69
0.54
1.23
0.41
0.6
0.79
-0.2
1.61
0.99
0.75
0.2
0.61
2.01
0.73
2.3
0.31
0.58
2.3
0
1.71
-0.1
0.73
1.86
1.04
1.42
0.67
0.12
0.28
0.4
0.1
0.56
1.46
0.7
0.47
0.71
1.58
0.4
0.9
1.63
1.01
0.26
1.2
1.51
1.27
2.13
0.43
0.3
1.1
1.63
2.06
1.74
0.93
1.47
1.92
0.45
0.84
1.35
0.06
2.56
0.68
1.24
1.31
1.13
1.62
2.01
2.13
1.4
0.1
-0.44
0.1
0.72
1.43
1.2
0.43
1.74
0.7
0.63
0.93
2.52
1.1
0.95
0.64
0.61
1.31
0.66
2.03
1.25
1.67
1.7
1.43
0.56
0.76
2.16
1.96
1.7
1.8
0.97
0.2
1.87
1.2
0.6
1
0.56
2.39
1.07
0.34
0.73
0.46
1.23
1.25
0.26
0.6
1.91
1.17
0.15
2.5
0.97
0.69
1.96
0.26
1.46
1.95
0.51
1.77
1.17
1.3
0.44
0.22
0.29
1.3
0.68
2.2
0.38
1.04
0.48
1.3
0.55
2.54
0.87
1.81
0.12
1.05
1.2
0.67
0.76
2.06
0.6
0.6
1.6
0.3
0.66
2.04
0.88
1.32
0.74
1.11
1.22
1.82
1.02
1.13
0.99
1.65
1.7
0.84
1.16
1.29
1.2
0.73
1.39
1.1
0.63
1.37
1.09
0.7
1.5
1.61
1.07
0.8
2.12
1.6
0.52
0.3
0.14
2.57
1.24
1.3
1.35
0.97
0.84
0.54
1.59
1.83
0.88
0.28
-0.18
1.13
1.15
0.78
0.89
0.56
1.3
0.99
0.51
0.66
0.13
0.56
1.14
0.58
1.21
0.66
2.2
1.87
0.92
1
0.43
0.53
0.28
0.89
1.8
1.9
1.5
4.2
0.43
1.68
1.65
0.98
0.56
1.04
1
2.67
1.4
0.61
0.61
0.84
1.45
1.17
1.15
2.32
1.28
2.7
2.14
3.21
2.05
0.83
2.1
0.61
0.86
2
0.99
0.84
1.75
1.12
2.01
0.18
1.29
0.96
1.24
0.96
0.09
0.37
0.78
0.37
0.76
1.57
1.9
0.67
3.39
1.17
0.44
0.33
1.36
0.2
0.47
1.44
1.75
4.6
3.45
2.94
1.17
2.12
0.8
0.69
1.1
0.23
0.94
1.48
2.1
0.2
1.43
1.58
1.36
2.88
0.98
1.2
0.59
4.7
2.58
0.56
1.6
0.21
1.19
0.55
2.15
1.67
0.92
2.38
1.34
1.81
-0.02
0.07
0.89
1.64
1.2
1.9
2.5
1.05
0.7
0.61
0.9
0.39
1.69
1.51
0.3
1.4
0.43
0.61
0.64
2.11
2.9
0.89
0.39
0.79
0.72
2.88
0.4
0.97
0.97
0.84
0.44
1.11
0.77
0.72
0.9
0.82
1.33
1.9
0.68
0
1.03
0.73
0.49
1.8
0.26
1.2
0.4
2.39
1.14
0.9
0.85
0.35
1.11
0.8
2.22
0.39
1.8
0.42
0.96
1.4
0.45
0.45
0.74
1.57
2.03
0.76
0.7
0.69
0.27
2.2
1.29
0.53
0.72
0.7
-0.02
0.79
1.11
0.51
0.28
1.15
1.38
1.46
1.84
0.57
0.85
0.38
0.62
1.09
0.07
1.25
0.8
0.96
0.38
0.37
0.37
0.94
0.39
0.22
0.9
0.9
0.75
-0.08
0.01
0.89
1.13
1.62
3.18
0.9
0.66
1.59
0.88
0.31
1.8
0.8
1.06
0.36
0.53
0.38
0.8
0.82
2.2
2
2.59
1.06
2.56
0.58
1.49
1.01
1.24
1.19
0.08
0.96
1.35
0.88
0.47
0.86
0.92
1.25
0.4
0.79
1.1
0.76
2.01
2.4
1.67
0.98
0.46
0.89
1.44
0.73
1.32
0.86
1.06
0.45
2.46
1.1
0.98
0.63
1.11
0.82
1.5
1.73
1.18
1.9
1.5
0.88
0.56
0.56
1.32
4
1.57
1.28
0.6
1.61
0.7
0.8
0.42
2.51
0.88
1.15
0.4
0.83
1.69
0.57
1.29
0.59
1.2
2.07
4.4
0.4
1
1.4
0.08
0.52
1.21
2.9
0.73
0.34
2.89
0.28
1.6
0.65
1.93
0.9
1.68
1
1.5
3.02
0.7
0.99
1.14
2.84
1.79
0.74
0.89
1.2
0.65
0.46
0.88
1.23
0.44
1.9
0.6
1.9
1.6
0.76
1.47
2.5
0.88
1.36
0.82
0.93
1.84
0.17
1.5
1.6
1.34
0.05
0.72
0.88
0.92
0.84
0.55
0.91
0.85
1.61
1.85
0.15
0.5
1.27
1.13
0.6
0.45
0.53
1
0.5
0.62
0.9
1
1.1
0.1
1.5
0.4
1.7
0.63
0.6
1.6
1.8
1.14
2.68
1.56
1.35
0.11
0.4
1.55
0.91
2.1
1.28
0.61
0.65
2.1
1.25
0.44
1.8
1.66
0.51
3.48
3.39
2.1
1.43
0.8
0.76
1.2
0.54
1.71
0.7
0.42
1.61
1.25
0.54
1.5
1.37
1.2
0.5
1.6
1.5
0.95
0.69
0.2
0.41
1.68
1.23
1.92
1.2
0.77
1.02
0.83
1.63
0.4
0.52
1.74
1.12
0.7
1.69
1.77
0.35
0.08
0.6
0.3
1.61
0.15
0.73
0.81
3.95
2.26
2.02
0.2
4.5
0.25
0.79
0.51
0.85
1.4
0.5
0.59
0.86
2.59
0.77
0.63
0.29
0.46
1.65
0.39
1.91
1.5
1.11
2.04
1.6
0.55
1.7
1.67
1.83
0.62
2.1
0.74
2.21
1.3
0.87
1.9
0.71
5.6
1.08
0.68
0.8
1.72
1.18
1.78
0.74
0.53
0.63
1.6
2.07
2.37
2.75
1.97
0.88
0.78
0.82
0.45
1.96
1.19
1.1
1.4
1.2
1.6
1.06
2.02
1.79
2.44
0.14
0.81
-0.35
1.48
1.33
0.5
1.65
1.23
0.71
1.47
1.54
0.56
1.15
0.33
1.3
0.18
1.5
0.61
1.12
2.15
0.5
1.59
2.24
0.4
1.93
1.7
1.2
0.8
1.41
1.12
1.92
0.6
0.19
1.1
1.24
0.45
0.83
1.63
0.49
1.69
1.33
0.94
3.66
0.63
1.17
0.5
1.23
2.06
1.45
1.5
0.9
0.67
0.1
-0.07
-0.11
1.84
0.36
4.3
0.21
0.34
0.26
1.11
1.3
1.16
1.36
0.56
0.75
1.1
0.6
0.14
1.5
1
1.16
1.1
0.7
1.28
0.62
0.8
2.3
0.83
1.31
0.2
1.1
2.23
1.48
0.52
1.15
0.73
0.86
0.59
1.11
1.6
0.3
2.26
0.42
0.22
0.88
2.18
0.45
0.1
1.7
0.5
0.18
0.2
1.12
1.72
0.8
0.37
1.7
0.43
1.69
0.18
1.4
0.47
0.88
2.4
1.92
1.19
0.6
0.57
0.83
4
0.97
0.72
1.18
1.16
0.9
1.22
0.42
1.17
0.54
1.6
1.13
0.13
1.19
0.14
0.74
0.74
1.7
2.29
0.87
0.39
2.1
0.7
1.27
0
2.68
1.7
0.83
2
0.71
1.3
0.5
0.91
0.81
1.05
1.3
1
0.72
0.69
0.56
1.01
0.08
0.8
1.4
0.78
0.65
0.54
3.42
1.92
0.85
0.81
1.37
0.11
1.44
0.71
2
1.3
0.47
1.72
2.01
1.19
1.9
1.28
2.1
1.6
0.38
2.94
1.01
1.01
0.5
1.11
0.27
0.82
1.1
2.2
0.71
0.1
0.5
1.83
0.7
1.83
1.52
0.63
1.02
1.69
1.4
0.49
0.41
2.4
0.3
0.26
0.74
0.53
1.57
0.57
0.12
1.49
1.92
2.49
1.59
2.4
2.73
1.04
1.44
1.37
1.4
3.23
0.37
1.15
1.87
1.85
1.67
2.86
0.5
1.39
2.38
0.23
0.97
1.85
0.96
0.9
1.29
0.7
0.91
1.8
0.36
1.34
1.34
1.7
1.9
0.79
1
1.5
1.52
1.29
0.82
1.02
1.57
0.89
0.78
1.53
-0.35
0.5
0.9
0.61
1.2
1.2
0.63
1.17
0.46
1.5
0.33
0.08
0.24
1.02
1.25
0.78
1.53
0.27
0.47
1.32
0.1
1.38
0.55
1.17
0.72
0.92
0.7
0.13
0.21
1.88
0.74
0.87
1.26
1.1
1.8
1.43
0.84
1.9
1.7
1.3
0.28
0.88
0.99
1.17
1.02
0.48
0.3
0.47
2.86
1.6
0.03
0.33
0.77
0.59
1.2
2.13
2.26
0.74
1.6
1.3
1.68
0.83
0.9
1.62
0.88
1.8
1.89
0.01
0.4
1.2
0.8
0.35
0.56
2.24
0.18
0.43
1.03
0.26
1.3
1.86
1.6
0.5
0.14
0.14
0.14
1.7
0.66
0.44
1.47
1.02
0.75
0.91
1.79
0.89
1.66
1.63
0.88
1.02
0.73
0.6
1.11
0.19
1.7
1.31
1.8
0.08
0.39
0.44
0.46
0.46
2
0.9
0.33
1.15
2.7
0.63
3.32
0.56
0.86
1.6
1.6
1.61
0.68
2.1
2.1
0.97
0.75
1.05
1.47
1.8
2.2
2.86
1.68
0.88
1.12
1.66
0.31
3.7
2.12
1.09
3.49
1
1.6
0.21
1.9
0.7
0.61
1.4
1.8
-0.1
0.78
2.43
1.22
1.22
1.28
1.36
1.1
1.14
1.07
0.92
0.78
0.32
0.26
1.69
2.24
0.89
0.59
0.53
1.5
0.58
0.74
1.9
1.52
2
2.1
0.41
1.8
1.9
1.19
0.4
0.03
0.69
0.33
0.84
0.72
1.27
2
0.75
1.58
1.8
1.21
2.18
0.73
0.37
0.52
0.16
0.75
0.21
1.2
1.34
0.15
0.9
1.5
0.44
0.77
1.12
0.88
1.7
0.35
0.36
1.8
0.8
1.58
0.12
1.46
2.14
0.26
1.47
1.71
0.01
0.22
1.53
1.1
0.26
2.19
0.5
1.31
0.03
1.24
1.23
0.63
0.88
0.24
1.7
0.23
1.8
0.47
0.18
0.4
0.61
1.16
1.63
1.9
2.4
0.9
1.1
0.35
0.86
1.7
2.01
0.16
2.35
1.05
1.13
0.79
0.84
1.91
0.74
1.01
1.69
0.16
0.53
0.92
0.15
0.1
0.24
0.94
1.39
0.63
1.31
0.87
0.6
0.78
1.6
0.5
1.6
0.94
4.5
1.27
0.49
0.3
0.13
0.44
1.22
3.1
1.23
1.1
0.89
2.1
1.22
0.82
1.6
1.43
4.2
1.17
0.55
1.13
1.6
1.09
0.01
0.85
1.24
1.45
1.53
1.53
1.79
0.09
0.55
2
0.66
1.35
0.26
5.1
1.63
0.95
0.82
1.07
1.42
1.15
0.88
1.31
1.43
1.66
2.77
1.7
1.74
1.52
1.06
0.8
1.49
0.46
0.85
0.9
0.74
0.36
0.71
0.43
0.9
2
1.39
1.58
0.44
0.5
1.06
0.28
2.22
0.95
2.84
1.94
2.6
0.94
0.49
1.27
1.54
1.39
0.86
1.7
0.47
1.03
0.54
0.15
1.21
1.08
1.2
2.1
0.7
0.23
0.51
0.43
1.4
1.15
0.51
2.08
1.46
0.42
1.36
0.22
1.18
0.45
1.43
2.58
0.96
-0.1
0.36
0.78
1.26
0.63
2.2
2.21
0.28
-0.02
2.1
1.12
-0.04
0.47
0.91
0.69
1.1
0.88
0.77
1.99
0.5
3.04
0.85
1.84
1.42
1.56
1.22
0.03
0.48
0.6
0.3
1.57
1.49
1.7
0.99
1.1
1.66
0.29
0.4
0.86
0.71
0.93
0.75
1.1
0.62
0.86
0.86
0.52
1.89
1.53
1.1
1.2
0.68
0.05
0.84
0.91
0.9
1.15
1.4
0.81
0.74
0.7
0.58
0.65
0.4
2.03
0.89
0.99
0.46
2.08
1.6
1.06
0.64
0.55
1.5
0.88
1.2
1.27
2.5
1.52
-0.3
1.19
0.78
0.67
1.7
0.9
2.4
0.04
2.13
0.89
0.98
1.9
0.73
1.03
1.27
1.77
1.53
2.29
0.96
1.26
1.41
1.9
0.77
1.59
0.73
1.67
1.28
1.8
0.92
2.37
0.88
0.12
1.2
1.07
1.6
0.61
2.05
2.06
1.66
0.5
0.76
0.95
1.2
0.49
1.63
1.15
1.3
1.34
0.9
0.48
1.75
1.14
1
1.3
1.36
0.68
1.63
1.7
1.2
1.32
1.05
1.41
0
0.81
2.22
3.1
0.56
1.4
0.11
1.58
0.78
1.48
1.22
0.85
2.18
1.2
2.57
0.31
0.31
1.5
0.8
1.3
0.32
1
1
0.32
2.36
1.26
1.44
0.32
-0.08
1.69
1.49
1.11
0.7
0.83
2.33
0.6
0.43
0.6
1.32
1.07
1.7
4.7
1.27
0.5
1.12
1.03
1.76
1.64
1.92
1.71
2.04
1.2
1.83
1.16
1.76
1.31
1.2
1.7
1.5
1.51
1.34
1.31
1.46
1.93
1.5
1.5
0.97
1.69
0.88
2.95
1.18
1.42
1.29
0.87
2.95
0.96
2.69
0.6
1.47
1.23
1.22
0.5
0.69
0.57
0.9
0.4
1.62
0.91
1.4
0.51
0.87
1.5
0.84
1.05
1.62
1
1
4.7
0.5
2.2
0.89
0.6
1.19
1.69
0.25
0.4
0.62
0.92
0.48
1
0.52
1.29
0.4
0.18
0.34
0.33
1.99
1.7
1.23
0.59
0.22
0.32
0.99
0.19
1.59
1.37
1.38
2.07
0.58
0.56
0.59
0.86
1.37
0.79
0.49
4.3
0.68
1.03
1.75
1.04
1.53
1.6
1.05
0.18
1.7
0.64
0.65
1.55
1.53
1.7
0.89
1.83
0.83
1.82
0.4
1.4
1.7
2.37
0.49
1.4
1.03
0.75
0.36
0.52
1.22
0.91
2.13
1.21
0.7
0.53
1.03
0.56
1.5
0.56
0.6
0.19
1.64
2.16
1.15
0.58
0.65
0.52
1.5
1.7
0.79
1.22
0.95
0.27
0.45
1.62
0.7
0.57
1.38
1.09
1.7
0.49
1.4
0.1
0.03
0.17
1.44
1
1.4
4.5
1.3
0.48
0.83
0.88
4
-0.2
0.9
0.78
1.4
0.4
0.98
1.36
4.5
0.48
0.48
1.57
1.51
1.1
1.1
0.6
0.26
1.1
1.1
0.75
0.52
0.7
0.1
1.2
0.73
0.6
1.6
0.3
0.56
0.87
0.53
1.2
0.48
0.79
1.7
2.8
2.5
0.52
0.41
1.6
0.8
0.5
1.4
1.06
0.8
0.88
1.25
0.5
0.97
1.68
0.4
0.24
0.32
0.1
0.8
0.7
0.03
0.86
0.69
0.6
0.7
0.9
0.46
0.3
0.9
2.1
1.4
0.96
0.7
1.82
0.94
1.19
0.8
0.3
1.28
0.8
1.21
1.7
1.16
0.14
0.65
0.8
1.1
0.3
0.63
1.67
0.32
0.66
0.2
1.6
0.38
1.1
0.7
2.7
0.28
0.01
0.51
1.36
0.76
1.6
1.61
1.17
0.27
1.29
0.07
0.56
0.87
0.31
1.36
1.3
1.1
0.5
0.76
1.84
1.45
0.87
1.3
1.73
2.35
0.98
0.99
0.62
0
0.78
0.5
1.7
1.1
0.9
0.88
0.75
1.34
0.7
1.4
0.7
0.35
0.25
1.46
1.07
0.71
0.56
0.16
0.8
1.58
2.13
0.67
1.5
1.24
0.47
1.1
0.67
0.99
0.43
0.99
0.88
1.04
1.04
0.92
0.42
3.1
1.1
1.6
0.45
0.13
0.18
1.89
0.87
1.6
1.83
2.99
0.9
0.87
2.01
0.53
1.13
0.53
1.43
0.18
1.23
2.3
1.51
1.01
0.79
0.62
1.74
0.69
0.22
1.3
1.7
0.6
0.5
1.3
0.37
0.86
1.42
1
1.38
1.34
2.2
0.5
0.56
3.03
0.7
1
0.65
1.33
1.27
1
0.6
0.81
3.41
2.57
0.97
2.3
0.37
0.42
0.65
0.5
0.64
0.54
2.26
1.18
0.92
0.07
1.08
1.78
1.96
2.92
0.76
1.13
0.96
0.1
0.87
0.28
1.17
3.3
0.32
0.62
0.47
0.61
0.9
0.72
0.6
0.06
0.25
1.94
0.96
0.63
0.8
0.6
1.8
0.37
3.1
1.06
0.31
1.75
1.8
0.66
0.41
0.34
0.98
0.56
0.29
0.6
1.8
0.74
0.94
0.5
2.28
1.21
1.8
0.6
1.3
0.56
0.33
0.18
0.92
3.65
0.59
-0.06
0.57
0.5
0.02
0.73
0.18
0.34
1.72
0.12
0.16
0.75
1.09
1.2
0.69
0.69
0.47
1.28
0.55
0.69
0.74
1.6
1.82
1.39
0.67
2.02
1.18
1.52
0.63
1.4
0.94
1.68
0.57
2.5
1.55
0.33
0.32
1.75
0.71
0.37
0.9
0.56
0.4
0.53
0.32
0.46
2.9
1.18
1.9
2.7
1.92
1.11
1.17
2.1
0.69
1.69
0.56
4
1.12
1.34
0.39
1.45
0.88
1.6
0.64
1.52
0.48
0.27
0.8
0.28
1.35
2
3.3
1.2
0.67
3
0.55
0.8
1.8
0.52
0.8
1.09
0.77
0.45
0.98
1.38
0.71
1.55
0.26
0.57
0.93
0.51
2.72
1.3
0.41
0.59
0.91
0.9
0.86
1.62
1
1.48
0.59
1.5
0.47
0.51
0.88
1.33
0.47
0.5
0.55
0.97
0.58
0.82
0.35
0.68
3.57
2.5
0.27
0.63
0.68
1.81
0.43
1.13
1.04
1.5
0.79
0.32
0.66
0.63
0.83
0.5
0.56
0.8
0.25
1.2
1.1
1.25
1.37
2.41
1.02
3.1
1.26
0.62
1.16
1.23
1.3
1.9
1.05
0.85
2.3
1.45
2.1
0.46
0.49
0.32
0.43
1.69
0.79
1.5
0.98
0.63
0.71
1.34
0.3
1.1
2.29
4.1
1.24
0.35
0.5
0.54
0.6
0.88
0.36
0.91
1.4
1.01
0.97
0.52
1.25
0.23
0.56
1.95
1.03
0.87
0.8
0.62
0.46
2.3
-0.1
0.54
1.08
1.81
0.75
1.04
0.79
0.76
2.17
0.91
0.77
0.18
0.94
1.42
0.3
0.32
0.62
1.64
0.09
1.07
1
0.6
1.96
0.76
0.88
2.1
0.63
-0.17
0.87
1.8
0.56
0.49
0.9
0.27
0.85
0.71
1
0.6
2.2
1.16
0.54
0.76
1.6
1.3
0.56
0.89
0.17
1.41
0.89
0.64
3.01
1.8
0.02
0.77
0.21
1.23
1.28
1.42
1.71
0.3
0.68
2.28
1.6
0.36
1.01
0.41
0.49
0.95
0.52
0.4
0.84
0.36
0.48
1.97
0.46
1.9
1.76
0.46
1.15
0.38
0.8
0.76
1.3
0.21
2.17
0.35
0.39
1
0.36
1.27
0.95
1.77
0.8
0.39
0.27
0.5
1.77
1.14
1.12
0.79
0.28
5.4
1.51
0.97
0.49
0.7
1.02
0.82
0.92
1.26
0.64
0.74
0.53
0.95
0.58
0.47
0.84
1.9
0.56
3.56
2.13
2.01
1.5
0.81
0.15
2.35
0.56
0.7
1
0.52
2.03
0.26
0.6
0.49
0.54
1.04
1.33
0.44
0.58
1.24
1.21
2.01
0.03
1.28
0.91
0.92
1.5
0.11
1.8
0.78
1.54
1
0.78
1.6
0.98
0.9
0.47
0.75
0.33
0.19
0.58
0.37
0.61
0.88
2.3
0.83
1.7
1.61
1.55
0.01
0.1
0.69
2.14
3.44
1.02
1.8
0.51
0.47
0.34
0.79
2.3
0.92
0.55
0.29
0.56
1.1
0.34
0.19
0.09
0.42
1.8
0.94
0.28
0.59
0.26
1.26
0.08
1.34
0.49
0.33
1.75
1.45
0.26
0.7
0.71
0.87
0.2
0.85
1.61
2
0.57
0.41
1.6
1.2
0.61
0.19
0.9
0.47
0.7
0.63
1.22
-0.06
0.97
0.64
0.67
1.35
0.32
1.2
0.28
1.1
0.18
2.3
0.52
0.7
1.01
0.5
1.55
0.19
0.23
0.78
1.71
0.67
0.7
0.83
1.12
1.06
1.15
1.61
1.54
1.1
1.06
1.05
0.37
0.84
1.02
0.96
0.83
1.19
1.02
0.56
0.7
0.81
0.1
1.71
0.58
1.57
1.25
1.46
-0.01
1
1.04
0.63
0.85
0.66
0.6
1.42
0.83
0.28
0.95
1.3
2.58
0.19
2.1
0.83
2.2
0.76
1.1
2.6
2.7
1.6
0.94
1.3
0.86
0.97
0.89
0.62
1.15
0.46
1.25
0.7
0.8
0.86
1.12
0.5
1.7
1.13
0.67
0.61
0.73
0.59
1.46
0.71
0.99
0.76
1.41
2.26
0.9
1.2
1
0.76
1.15
0.73
0.77
0.5
0.83
0.71
0.71
1.9
0.47
4
0.8
1.12
1.19
1.24
1.92
1.6
1.9
0.95
0.9
0.57
1.8
1.2
0.4
0.93
1.04
1.38
1.45
0.92
1.55
0.7
1
1.14
1.58
1.28
0.86
1.68
2.11
1.66
1.19
0.82
1
0.9
0.63
0.7
0.94
0.64
0.75
1.6
0.26
0.08
1.16
1.2
1.24
0.61
0.46
0.7
1.31
1.02
0.8
0.71
1.72
2.13
0.65
0.27
0.23
0.24
0.91
1.06
1.23
1.08
1.5
1.1
1.5
1.12
0.37
2.2
1.21
0.84
0.44
0.29
0.4
0.54
0.09
0.48
0.36
1.56
0.51
0.55
0.15
1.7
1.21
1.63
0.89
0.74
0.69
0.46
2.15
0.72
1.31
0.29
0.88
0.81
0.56
0.72
0.2
0.65
1.4
-0.1
0.47
0.64
0.5
2.36
0.29
0.31
1.25
0.52
0.77
1.2
0.6
1
0.8
0.88
0.58
0.6
4.1
0.02
0.24
0.27
0.41
0.41
0.88
0.36
1.2
0.74
0.09
0.61
2.09
1.28
2.23
0.22
0.35
0.21
1.36
0.53
0.42
0.54
1.24
0.01
0.29
1.06
1.06
0.52
0.56
1.71
0.88
0.09
2.15
0.46
0.39
2.5
0.26
0.65
0.49
0.22
0.71
1.3
0.63
1.1
1.61
1.09
2.64
0.48
1.08
0.76
1.6
2.9
0.79
1.02
0.58
2.26
0.57
1.1
0.72
1.98
1.06
0.85
0.6
2.1
0.43
2.32
1.7
0.7
1.7
1.5
1.3
0.6
1.48
2.42
1.76
0.3
0.94
0.61
2.46
0.61
0.58
2.1
1.12
1.32
0.67
0.46
0.63
0.31
0.37
0.49
1.64
1.71
2.2
1.1
0.81
1.5
0.45
0.88
1.34
1.18
1.23
0.41
-0.12
1.46
0.83
2.3
0.86
0.68
0.63
1.12
1.21
1.05
0.64
0.89
1.62
0.7
2.28
1.9
1.25
1.6
1.87
0.71
0.97
0.87
0.88
1.21
1.34
1.15
2.06
0.96
1.85
1.69
0.61
0.76
0.8
0.88
2.1
1.04
0.13
0.56
0.56
1.7
0.71
1.9
1
0.11
1.89
0.25
1.2
0.7
1.31
1.44
0.88
0.5
1.82
0.44
1.53
0.55
0.55
1.75
0.38
2.6
1.02
4.2
0.12
0.63
0.7
1.03
1.2
0.37
1.3
2.2
0.91
0.12
0.97
0.8
0.64
0.52
0.8
0.4
0.94
1.18
1.4
0.88
1.11
0.44
0.34
0.6
1.48
0.56
1.42
1.2
1.35
0.39
0.55
1.26
0.86
1.48
1.3
1.21
0.39
0.64
0.59
1.15
1.49
0.9
0.1
0.41
0.8
0.69
1.7
1.77
0.17
0.59
0.13
2.14
1.99
2.35
1.25
1.38
1.07
1.29
0.63
0.76
0.55
0.49
0.33
1.22
1.05
0.17
1.16
1.33
0.44
0.89
0.95
0.44
0.57
1.2
0.56
0.34
1.07
0.6
-0.28
0.16
0.32
0.42
0.47
0.6
0.2
0.59
1
0.96
0.25
0.25
2
0.2
0.58
3.4
0.63
0.62
1.43
1.31
0.13
0.64
2.2
0.55
0.94
1.45
0.54
0.43
0.87
0.37
0.38
0.38
0.81
0.41
0.05
2.4
0.36
0.5
1.49
0.52
0.6
1.81
0.9
0.83
1
0.74
0.48
0.46
0.53
0.29
1.15
0.9
0.25
1.3
1.21
1.5
2.45
0.41
0.57
0.21
1.21
1.81
-0.09
0.87
1
2.17
1.4
0.94
2.1
0.41
0
1.65
1.11
0.44
1.9
0.71
0.78
1.78
0.78
0.55
2.56
0.9
1.24
1.81
1.82
2.1
0.65
1.5
0.04
1.33
0.85
0.9
1.98
1.1
1.4
1.22
0.81
0.3
0.99
1.8
1.29
0.99
1.16
0.62
0.23
0.4
0.92
0.31
0.78
0.7
0.54
0.94
1.3
0.84
0.72
0.89
0.73
1.7
0.75
0.45
0.83
1.7
1.01
1.41
0.7
1.49
0.7
0.59
0.53
0.9
1.4
0.9
2.12
1.09
1.95
0.86
0.86
0.25
0.98
0.62
1.25
0.59
0.9
1.58
0.33
0.53
3.1
0.76
1.96
0.59
0.8
1.37
0.37
1.2
1.4
0.66
0.72
0.5
0.9
0.4
1.1
0.81
1.6
0.35
2.23
